,deprel,feats,iobj_0,obl_0,obj_0,mark_0,advmod_0,conj_0,advmod_1,cc_0,vocative_0,xcomp_0,xcomp_1,parataxis_0,compound_0,nsubj_0,ccomp_0,obl_1,csubj_0,case_0,obl_2,det_0,dep_0,dep_1,advcl_0,obj_1,acl_0,nmod_0,advcl_1,lang
0,root,,5,5,4,0,0,0,0,0,0,0,0,0,0,0,0,0,0,0,0,0,0,0,0,0,0,0,0,UD_Akkadian-PISANDUB
1,acl,,0,0,0,1,1,1,0,0,0,0,0,0,0,0,0,0,0,0,0,0,0,0,0,0,0,0,0,UD_Akkadian-PISANDUB
2,conj,,0,0,0,0,0,0,0,0,0,0,0,0,0,0,0,0,0,0,0,0,0,0,0,0,0,0,0,UD_Akkadian-PISANDUB
3,root,,0,5,0,0,1,1,1,0,0,0,0,0,0,0,0,0,0,0,0,0,0,0,0,0,0,0,0,UD_Akkadian-PISANDUB
4,conj,,0,5,2,0,1,0,0,1,0,0,0,0,0,0,0,0,0,0,0,0,0,0,0,0,0,0,0,UD_Akkadian-PISANDUB
5,root,,0,5,4,0,1,0,0,0,0,0,0,0,0,0,0,0,0,0,0,0,0,0,0,0,0,0,0,UD_Akkadian-PISANDUB
6,root,,0,5,3,0,0,0,0,0,1,0,0,0,0,0,0,0,0,0,0,0,0,0,0,0,0,0,0,UD_Akkadian-PISANDUB
7,root,,5,5,0,0,0,1,0,0,0,0,0,0,0,0,0,0,0,0,0,0,0,0,0,0,0,0,0,UD_Akkadian-PISANDUB
8,conj,,0,5,0,0,1,0,1,1,0,0,0,0,0,0,0,0,0,0,0,0,0,0,0,0,0,0,0,UD_Akkadian-PISANDUB
9,root,,0,5,3,0,0,0,0,0,1,0,0,0,0,0,0,0,0,0,0,0,0,0,0,0,0,0,0,UD_Akkadian-PISANDUB
10,root,,0,0,5,0,1,0,0,0,0,1,1,1,0,0,0,0,0,0,0,0,0,0,0,0,0,0,0,UD_Akkadian-PISANDUB
11,xcomp,,0,0,4,1,0,1,0,0,0,0,0,0,0,0,0,0,0,0,0,0,0,0,0,0,0,0,0,UD_Akkadian-PISANDUB
12,parataxis,,0,5,5,0,0,0,0,0,0,0,0,0,1,0,0,0,0,0,0,0,0,0,0,0,0,0,0,UD_Akkadian-PISANDUB
13,root,,0,0,5,1,1,0,0,0,0,0,0,1,0,5,0,0,0,0,0,0,0,0,0,0,0,0,0,UD_Akkadian-PISANDUB
14,parataxis,,5,5,0,0,0,1,0,0,0,1,0,0,0,0,0,0,0,0,0,0,0,0,0,0,0,0,0,UD_Akkadian-PISANDUB
15,xcomp,,0,5,0,1,1,0,0,0,0,0,0,0,0,0,0,0,0,0,0,0,0,0,0,0,0,0,0,UD_Akkadian-PISANDUB
16,conj,,0,5,0,0,0,0,0,1,0,0,0,0,1,0,0,0,0,0,0,0,0,0,0,0,0,0,0,UD_Akkadian-PISANDUB
17,compound,,0,5,0,0,0,0,0,0,0,0,0,0,0,0,0,0,0,0,0,0,0,0,0,0,0,0,0,UD_Akkadian-PISANDUB
18,root,,0,5,3,0,0,0,0,0,0,0,0,1,0,0,0,0,0,0,0,0,0,0,0,0,0,0,0,UD_Akkadian-PISANDUB
19,parataxis,,0,5,5,0,0,0,0,0,0,0,0,1,0,0,0,0,0,0,0,0,0,0,0,0,0,0,0,UD_Akkadian-PISANDUB
20,parataxis,,0,0,3,0,0,0,0,0,0,1,0,0,0,0,0,0,0,0,0,0,0,0,0,0,0,0,0,UD_Akkadian-PISANDUB
21,xcomp,,0,5,0,0,0,0,0,0,0,0,0,0,0,0,0,0,0,0,0,0,0,0,0,0,0,0,0,UD_Akkadian-PISANDUB
22,root,,5,0,4,0,0,0,0,0,0,0,0,1,0,0,0,0,0,0,0,0,0,0,0,0,0,0,0,UD_Akkadian-PISANDUB
23,parataxis,,0,0,4,0,0,0,0,0,0,0,0,1,0,0,0,0,0,0,0,0,0,0,0,0,0,0,0,UD_Akkadian-PISANDUB
24,parataxis,,0,0,4,0,0,0,0,0,0,0,0,0,0,0,0,0,0,0,0,0,0,0,0,0,0,0,0,UD_Akkadian-PISANDUB
25,root,,0,5,4,0,0,1,0,0,1,0,0,0,0,0,1,5,0,0,0,0,0,0,0,0,0,0,0,UD_Akkadian-PISANDUB
26,ccomp,,0,5,2,1,0,1,0,0,0,0,0,0,0,0,0,0,1,0,0,0,0,0,0,0,0,0,0,UD_Akkadian-PISANDUB
27,conj,,0,0,4,0,0,0,0,1,0,0,0,0,0,0,0,0,0,0,0,0,0,0,0,0,0,0,0,UD_Akkadian-PISANDUB
28,conj,,0,5,5,0,0,0,0,1,0,0,0,0,0,0,0,0,0,0,0,0,0,0,0,0,0,0,0,UD_Akkadian-PISANDUB
29,root,,0,5,0,0,0,1,0,0,0,0,0,1,0,5,1,0,0,0,0,0,0,0,0,0,0,0,0,UD_Akkadian-PISANDUB
30,ccomp,,0,5,4,1,1,0,0,0,0,0,0,1,0,0,0,0,1,0,0,0,0,0,0,0,0,0,0,UD_Akkadian-PISANDUB
31,parataxis,,0,0,0,0,0,0,0,0,0,0,0,0,0,0,0,0,0,0,0,0,0,0,0,0,0,0,0,UD_Akkadian-PISANDUB
32,conj,,0,5,4,0,0,0,0,1,0,0,0,1,0,0,0,0,0,0,0,0,0,0,0,0,0,0,0,UD_Akkadian-PISANDUB
33,parataxis,,0,0,0,0,0,0,0,0,0,0,0,1,0,0,0,0,0,0,0,0,0,0,0,0,0,0,0,UD_Akkadian-PISANDUB
34,parataxis,,0,0,4,0,0,1,0,0,0,0,0,0,0,0,0,0,0,0,0,0,0,0,0,0,0,0,0,UD_Akkadian-PISANDUB
35,parataxis,,0,0,4,0,0,0,0,0,0,0,0,0,0,0,0,0,0,0,0,0,0,0,0,0,0,0,0,UD_Akkadian-PISANDUB
36,conj,,0,0,0,0,1,0,0,1,0,0,0,0,0,0,0,0,0,0,0,0,0,0,0,0,0,0,0,UD_Akkadian-PISANDUB
37,root,,0,0,5,0,0,1,0,0,0,0,0,0,0,0,0,0,0,0,0,0,0,0,0,0,0,0,0,UD_Akkadian-PISANDUB
38,conj,,0,0,3,0,0,1,0,1,0,0,0,0,0,0,0,0,0,0,0,0,0,0,0,0,0,0,0,UD_Akkadian-PISANDUB
39,conj,,0,0,3,0,0,0,0,0,0,0,0,0,0,0,0,0,0,0,0,0,0,0,0,0,0,0,0,UD_Akkadian-PISANDUB
40,root,,0,5,5,0,0,1,0,0,0,0,0,0,0,0,0,0,0,0,0,0,0,0,0,0,0,0,0,UD_Akkadian-PISANDUB
41,conj,,0,0,5,0,0,0,0,1,0,0,0,1,0,0,0,0,0,0,0,0,0,0,0,0,0,0,0,UD_Akkadian-PISANDUB
42,parataxis,,0,0,0,0,0,1,0,0,0,0,0,0,0,0,0,0,0,0,0,0,0,0,0,0,0,0,0,UD_Akkadian-PISANDUB
43,conj,,0,5,4,0,1,0,0,1,0,0,0,0,0,0,0,0,0,0,0,0,0,0,0,0,0,0,0,UD_Akkadian-PISANDUB
44,root,,0,5,4,0,1,0,0,0,0,0,0,0,0,0,0,0,0,0,0,0,0,0,0,0,0,0,0,UD_Akkadian-PISANDUB
45,root,,0,5,5,0,1,0,0,0,0,0,0,0,0,0,0,0,0,0,0,0,0,0,0,0,0,0,0,UD_Akkadian-PISANDUB
46,root,,0,0,5,0,0,0,0,0,0,0,0,0,0,0,1,0,0,0,0,0,0,0,0,0,0,0,0,UD_Akkadian-PISANDUB
47,ccomp,,0,0,5,1,1,1,0,0,0,0,0,0,0,0,0,0,1,1,0,0,0,0,0,0,0,0,0,UD_Akkadian-PISANDUB
48,conj,,0,5,3,0,1,0,0,0,0,0,0,0,0,0,0,0,0,1,0,0,0,0,0,0,0,0,0,UD_Akkadian-PISANDUB
49,root,,0,5,5,0,0,0,0,0,0,0,0,1,0,0,0,0,0,0,0,0,0,0,0,0,0,0,0,UD_Akkadian-PISANDUB
50,parataxis,,0,5,0,0,1,0,0,0,0,0,0,0,0,0,0,5,0,0,5,0,0,0,0,0,0,0,0,UD_Akkadian-PISANDUB
51,acl,,0,0,3,1,0,0,0,0,0,0,0,0,0,0,0,0,0,0,0,1,0,0,0,0,0,0,0,UD_Akkadian-PISANDUB
52,root,,0,5,0,0,1,0,0,0,0,0,0,1,0,0,1,0,0,0,0,0,0,0,0,0,0,0,0,UD_Akkadian-PISANDUB
53,parataxis,,0,5,0,0,0,1,0,0,0,0,0,0,0,0,0,0,0,0,0,0,0,0,0,0,0,0,0,UD_Akkadian-PISANDUB
54,ccomp,,0,5,4,1,0,0,0,0,0,0,0,0,0,0,0,0,1,0,0,0,0,0,0,0,0,0,0,UD_Akkadian-PISANDUB
55,conj,,0,0,3,0,0,0,0,1,0,0,0,0,0,0,0,0,0,0,0,0,0,0,0,0,0,0,0,UD_Akkadian-PISANDUB
56,root,,0,0,3,0,0,0,0,0,0,0,0,1,0,5,0,0,0,0,0,0,0,0,0,0,0,0,0,UD_Akkadian-PISANDUB
57,parataxis,,0,0,3,0,0,0,0,0,0,0,0,1,0,0,0,0,0,0,0,0,0,0,0,0,0,0,0,UD_Akkadian-PISANDUB
58,parataxis,,0,5,4,0,0,0,0,0,0,1,0,0,0,1,0,0,0,0,0,0,0,0,0,0,0,0,0,UD_Akkadian-PISANDUB
59,xcomp,,0,5,0,1,0,0,0,0,0,0,0,0,0,0,0,5,0,0,0,0,0,0,0,0,0,0,0,UD_Akkadian-PISANDUB
60,root,,0,0,5,0,0,1,0,0,0,0,0,0,0,0,1,0,0,0,0,0,0,0,0,0,0,0,0,UD_Akkadian-PISANDUB
61,ccomp,,0,0,0,1,0,1,0,0,0,0,0,0,0,0,0,0,1,0,0,0,0,0,0,0,0,0,0,UD_Akkadian-PISANDUB
62,conj,,0,5,0,0,0,0,0,1,0,0,0,0,0,0,0,0,0,0,0,0,0,0,0,0,0,0,0,UD_Akkadian-PISANDUB
63,conj,,0,0,4,0,0,0,0,1,0,0,0,0,0,0,1,0,0,0,0,0,0,0,0,0,0,0,0,UD_Akkadian-PISANDUB
64,ccomp,,0,0,5,1,0,1,0,0,0,0,0,0,0,0,0,0,0,0,0,0,0,0,0,0,0,0,0,UD_Akkadian-PISANDUB
65,conj,,0,0,4,0,1,0,0,1,0,0,0,0,0,0,0,0,0,0,0,0,0,0,0,0,0,0,0,UD_Akkadian-PISANDUB
66,root,,0,5,5,0,0,0,0,0,0,1,0,0,0,0,0,5,0,0,0,0,0,0,0,0,0,0,0,UD_Akkadian-PISANDUB
67,xcomp,,0,0,4,1,1,0,0,0,0,0,0,0,0,0,0,0,0,0,0,0,0,0,0,0,0,0,0,UD_Akkadian-PISANDUB
68,root,,0,5,5,0,1,0,0,0,0,0,0,0,0,5,0,5,0,0,0,0,0,0,0,0,0,0,0,UD_Akkadian-PISANDUB
69,root,,0,5,4,0,0,0,0,0,1,0,0,0,0,0,0,0,0,0,0,0,0,0,0,0,0,0,0,UD_Akkadian-PISANDUB
70,root,,0,5,5,0,1,0,0,0,0,0,0,0,0,5,0,5,0,0,0,0,0,0,0,0,0,0,0,UD_Akkadian-PISANDUB
71,root,,0,5,4,0,0,0,0,0,1,0,0,0,0,0,0,0,0,0,0,0,0,0,0,0,0,0,0,UD_Akkadian-PISANDUB
72,root,,0,5,4,0,0,0,0,0,1,0,0,0,0,0,0,0,0,0,0,0,0,0,0,0,0,0,0,UD_Akkadian-PISANDUB
73,root,,0,0,5,0,0,0,0,0,0,0,0,0,1,0,1,0,0,0,0,0,0,0,0,0,0,0,0,UD_Akkadian-PISANDUB
74,ccomp,,0,5,5,1,0,0,0,0,0,0,0,0,0,0,0,0,1,0,0,0,0,0,0,0,0,0,0,UD_Akkadian-PISANDUB
75,compound,,0,0,0,0,0,0,0,0,0,0,0,0,0,0,0,0,0,0,0,0,0,0,0,0,0,0,0,UD_Akkadian-PISANDUB
76,obl,,0,0,0,0,0,0,0,0,0,0,0,0,0,0,0,0,0,1,0,0,0,0,0,0,0,0,0,UD_Akkadian-PISANDUB
77,root,,0,0,2,0,1,1,1,0,0,0,0,0,0,0,0,0,0,0,0,0,0,0,0,0,0,0,0,UD_Akkadian-PISANDUB
78,conj,,0,5,0,0,0,0,0,1,0,0,0,0,0,0,0,0,0,0,0,0,0,0,0,0,0,0,0,UD_Akkadian-PISANDUB
79,root,,0,5,0,1,0,0,0,0,0,0,0,1,0,5,1,0,0,0,0,0,0,0,0,0,0,0,0,UD_Akkadian-PISANDUB
80,ccomp,,0,0,0,1,0,0,0,0,0,0,0,0,0,0,0,0,1,0,0,0,1,1,0,0,0,0,0,UD_Akkadian-PISANDUB
81,parataxis,,0,4,5,0,0,0,0,0,0,0,0,0,0,0,0,0,0,0,0,0,0,0,0,0,0,0,0,UD_Akkadian-PISANDUB
82,root,,0,0,5,0,0,0,0,0,0,0,0,0,0,0,0,0,0,0,0,0,1,0,0,0,0,0,0,UD_Akkadian-PISANDUB
83,root,,0,0,5,0,1,1,0,0,0,0,0,0,0,0,0,0,0,0,0,0,0,0,0,0,0,0,0,UD_Akkadian-PISANDUB
84,conj,,0,5,3,0,0,0,0,1,0,0,0,1,0,0,0,0,0,0,0,0,0,0,0,0,0,0,0,UD_Akkadian-PISANDUB
85,parataxis,,0,0,3,0,0,0,0,0,0,0,0,1,0,0,0,0,0,0,0,0,0,0,0,0,0,0,0,UD_Akkadian-PISANDUB
86,parataxis,,0,0,5,0,0,0,0,0,0,0,0,0,0,0,0,0,0,0,0,0,1,0,0,0,0,0,0,UD_Akkadian-PISANDUB
87,root,,0,4,0,0,0,0,0,0,0,0,0,0,0,5,0,0,0,0,0,0,0,0,0,0,0,0,0,UD_Akkadian-PISANDUB
88,root,,4,0,3,0,1,0,0,0,0,0,0,0,0,0,0,0,0,0,0,0,1,0,0,0,0,0,0,UD_Akkadian-PISANDUB
89,root,,0,0,5,0,0,0,0,0,0,0,0,0,0,0,0,0,0,0,0,0,0,0,0,0,0,0,0,UD_Akkadian-PISANDUB
90,root,,0,0,0,0,1,0,0,0,0,0,0,0,0,5,0,0,0,0,0,0,1,0,1,0,0,0,0,UD_Akkadian-PISANDUB
91,root,,0,5,4,0,0,0,0,0,0,0,0,0,0,5,1,0,0,0,0,0,0,0,0,0,0,0,0,UD_Akkadian-PISANDUB
92,ccomp,,0,5,0,1,0,0,0,0,0,0,0,0,0,0,0,0,0,0,0,0,0,0,0,0,0,0,0,UD_Akkadian-PISANDUB
93,root,,0,5,0,0,0,0,0,0,0,0,0,1,0,5,1,0,0,0,0,0,0,0,0,0,0,0,0,UD_Akkadian-PISANDUB
94,ccomp,,0,0,4,1,0,1,0,0,0,0,0,0,0,0,0,0,0,0,0,0,0,0,0,0,0,0,0,UD_Akkadian-PISANDUB
95,parataxis,,0,0,0,0,1,0,0,0,0,0,0,1,0,0,0,0,0,0,0,0,0,0,0,0,0,0,0,UD_Akkadian-PISANDUB
96,conj,,0,0,0,1,0,0,0,1,0,0,0,0,0,0,0,0,1,0,0,0,0,0,0,0,0,0,0,UD_Akkadian-PISANDUB
97,parataxis,,0,0,3,0,0,0,0,0,0,0,0,0,0,0,0,0,0,0,0,0,0,0,0,3,0,0,0,UD_Akkadian-PISANDUB
98,root,,0,0,5,0,0,0,0,0,0,0,0,1,0,0,0,0,0,0,0,0,0,0,0,0,0,0,0,UD_Akkadian-PISANDUB
99,parataxis,,0,0,0,0,0,0,0,0,0,0,0,1,0,0,0,0,0,0,0,0,0,0,0,0,0,0,0,UD_Akkadian-PISANDUB
100,parataxis,,0,0,5,0,0,1,0,0,0,0,0,0,0,0,0,0,0,0,0,0,0,0,0,0,0,0,0,UD_Akkadian-PISANDUB
101,conj,,0,4,5,0,0,0,0,1,0,0,0,1,0,0,0,0,0,0,0,0,0,0,0,0,0,0,0,UD_Akkadian-PISANDUB
102,parataxis,,0,5,4,0,0,0,0,0,0,0,0,1,0,0,0,0,0,0,0,0,0,0,0,0,0,0,0,UD_Akkadian-PISANDUB
103,parataxis,,0,0,4,0,0,0,0,0,0,0,0,0,0,0,0,0,0,0,0,0,0,0,0,0,0,0,0,UD_Akkadian-PISANDUB
104,root,,0,5,5,0,0,0,0,0,0,0,0,0,0,0,0,0,0,0,0,0,0,0,0,0,0,0,0,UD_Akkadian-PISANDUB
105,root,,0,5,5,0,0,0,0,0,0,1,0,0,0,0,0,0,0,0,0,0,0,0,0,0,0,0,0,UD_Akkadian-PISANDUB
106,xcomp,,0,4,0,1,0,0,0,0,0,0,0,0,0,0,0,0,0,0,0,0,0,0,0,0,0,0,0,UD_Akkadian-PISANDUB
107,root,,0,0,5,0,1,0,0,0,0,0,0,0,0,5,0,0,0,0,0,0,0,0,0,0,0,0,0,UD_Akkadian-PISANDUB
108,root,,0,0,0,0,0,0,0,0,0,0,0,0,1,0,0,0,0,0,0,0,0,0,0,0,0,0,0,UD_Akkadian-PISANDUB
109,compound,,0,5,0,0,0,0,0,0,0,0,0,0,0,0,0,0,0,0,0,1,0,0,0,0,0,0,0,UD_Akkadian-PISANDUB
110,root,,0,0,5,0,0,1,0,0,0,0,0,0,0,0,0,0,0,0,0,1,0,0,0,0,0,0,0,UD_Akkadian-PISANDUB
111,conj,,0,5,4,0,0,0,0,1,0,0,0,0,0,0,0,0,0,0,0,0,0,0,0,0,0,0,0,UD_Akkadian-PISANDUB
112,root,,0,5,0,0,0,0,0,0,0,1,0,0,0,5,0,4,0,0,0,0,0,0,0,0,0,0,0,UD_Akkadian-PISANDUB
113,xcomp,,0,5,4,1,1,0,0,0,0,0,0,0,0,0,0,0,0,0,0,0,0,0,0,0,0,0,0,UD_Akkadian-PISANDUB
114,root,,0,5,5,0,0,0,0,0,0,0,0,0,0,0,0,0,0,0,0,0,0,0,0,0,0,0,0,UD_Akkadian-PISANDUB
115,root,,0,5,5,0,0,0,0,0,0,0,0,1,0,0,0,0,0,0,0,0,0,0,0,0,0,0,0,UD_Akkadian-PISANDUB
116,parataxis,,0,4,5,0,0,0,0,0,0,0,0,0,0,0,0,0,0,0,0,0,0,0,0,0,0,0,0,UD_Akkadian-PISANDUB
117,root,,0,4,0,0,0,1,0,0,0,0,0,0,0,5,0,0,0,0,0,0,0,0,0,0,0,0,0,UD_Akkadian-PISANDUB
118,conj,,0,0,4,0,0,0,0,0,0,0,0,0,0,0,0,0,0,0,0,0,0,0,0,0,0,0,0,UD_Akkadian-PISANDUB
119,root,,0,5,0,0,0,0,0,0,0,0,0,1,0,0,0,0,0,0,0,0,0,0,0,0,0,0,0,UD_Akkadian-PISANDUB
120,parataxis,,0,0,0,0,0,0,0,0,0,0,0,0,0,4,0,0,0,0,0,0,0,0,0,0,0,0,0,UD_Akkadian-PISANDUB
121,root,,0,0,0,0,1,0,0,0,0,0,0,1,0,0,1,0,0,0,0,1,0,0,0,0,0,0,0,UD_Akkadian-PISANDUB
122,ccomp,,0,5,3,1,0,1,0,0,0,0,0,0,0,0,0,0,1,0,0,0,0,0,0,0,0,0,0,UD_Akkadian-PISANDUB
123,parataxis,,0,0,4,0,0,0,0,0,0,0,0,0,0,0,0,0,0,0,0,0,0,0,0,0,0,0,0,UD_Akkadian-PISANDUB
124,conj,,0,5,0,0,1,0,0,0,0,0,0,0,0,0,0,0,0,0,0,0,0,0,0,0,0,0,0,UD_Akkadian-PISANDUB
125,root,,0,5,5,0,0,0,0,0,0,1,0,0,0,5,0,0,0,0,0,0,0,0,0,0,0,0,0,UD_Akkadian-PISANDUB
126,xcomp,,0,5,0,1,1,0,0,0,0,0,0,0,0,0,0,5,0,0,0,0,0,0,0,0,0,0,0,UD_Akkadian-PISANDUB
127,acl,,0,0,4,1,0,1,0,0,0,0,0,0,0,0,0,0,1,0,0,0,0,0,0,0,0,0,0,UD_Akkadian-PISANDUB
128,conj,,0,5,0,0,0,0,0,0,0,0,0,0,0,0,0,4,0,0,0,0,0,0,0,0,0,0,0,UD_Akkadian-PISANDUB
129,root,,0,0,0,0,1,1,0,0,0,0,0,0,0,5,0,0,0,1,0,0,0,0,0,0,0,0,0,UD_Akkadian-PISANDUB
130,conj,,0,0,4,0,1,0,0,1,0,0,0,0,0,0,0,0,0,0,0,0,0,0,0,0,0,0,0,UD_Akkadian-PISANDUB
131,root,,0,5,0,0,1,0,0,0,0,0,0,0,0,5,0,0,0,0,0,0,0,0,0,0,0,0,0,UD_Akkadian-PISANDUB
132,root,,0,5,3,0,1,0,0,0,0,0,0,0,0,0,0,0,0,0,0,0,0,0,0,0,0,0,0,UD_Akkadian-PISANDUB
133,root,,0,5,5,0,0,0,0,0,0,0,0,0,0,0,0,0,0,0,0,0,0,0,0,0,0,0,0,UD_Akkadian-PISANDUB
134,root,,5,0,4,0,0,0,0,0,0,0,0,1,0,0,0,0,0,0,0,0,0,0,0,0,0,0,0,UD_Akkadian-PISANDUB
135,parataxis,,0,0,4,0,0,0,0,0,0,0,0,0,0,0,0,0,0,0,0,0,0,0,0,0,0,0,0,UD_Akkadian-PISANDUB
136,root,,0,5,0,0,0,1,0,0,0,0,0,0,0,5,0,0,0,0,0,0,0,0,0,0,0,0,0,UD_Akkadian-PISANDUB
137,conj,,0,0,5,0,1,1,0,1,0,0,0,0,0,0,0,0,0,0,0,0,0,0,0,0,0,0,0,UD_Akkadian-PISANDUB
138,conj,,0,5,0,0,1,0,0,1,0,0,0,0,0,0,0,5,0,0,0,0,0,0,0,0,0,0,0,UD_Akkadian-PISANDUB
139,root,,1,5,5,0,0,1,0,0,0,0,0,0,0,5,0,0,0,0,0,0,0,0,0,0,0,0,0,UD_Akkadian-PISANDUB
140,conj,,0,0,4,0,0,0,0,1,0,0,0,0,0,0,0,0,0,0,0,0,0,0,0,0,0,0,0,UD_Akkadian-PISANDUB
141,root,,0,5,5,0,0,1,0,0,0,0,0,0,0,0,0,5,0,0,0,0,0,0,0,0,0,0,0,UD_Akkadian-PISANDUB
142,conj,,0,5,0,0,0,0,0,1,0,0,0,1,0,0,0,0,0,0,0,0,0,0,0,0,0,0,0,UD_Akkadian-PISANDUB
143,parataxis,,0,0,5,0,0,1,0,0,0,0,0,0,0,0,0,0,0,1,0,0,0,0,0,0,0,0,0,UD_Akkadian-PISANDUB
144,conj,,0,0,4,0,0,0,0,1,0,0,0,0,0,0,0,0,0,0,0,0,0,0,0,0,0,0,0,UD_Akkadian-PISANDUB
145,root,,5,5,5,0,0,0,0,0,0,0,0,0,0,0,1,5,0,0,0,0,0,0,0,0,0,0,0,UD_Akkadian-PISANDUB
146,ccomp,,0,5,0,1,0,0,0,0,0,0,0,0,0,0,0,5,1,0,0,0,0,0,0,0,0,0,0,UD_Akkadian-PISANDUB
147,root,,0,5,0,0,1,0,0,0,0,1,1,1,0,5,0,0,0,0,0,0,0,0,0,0,0,0,0,UD_Akkadian-PISANDUB
148,xcomp,,0,5,0,1,0,0,0,0,0,0,0,0,0,0,0,0,0,0,0,0,0,0,0,0,0,0,0,UD_Akkadian-PISANDUB
149,xcomp,,0,0,4,0,0,0,0,0,0,0,0,0,0,0,0,0,0,1,0,0,0,0,0,0,0,0,0,UD_Akkadian-PISANDUB
150,parataxis,,0,0,5,0,0,1,0,0,0,0,0,0,0,0,0,0,0,0,0,0,0,0,0,0,0,0,0,UD_Akkadian-PISANDUB
151,conj,,0,5,0,0,0,0,0,1,0,0,0,0,0,0,0,0,0,0,0,0,1,0,0,0,0,0,0,UD_Akkadian-PISANDUB
152,root,,0,0,3,0,0,0,0,1,0,0,0,1,0,5,0,0,0,0,0,0,0,0,0,0,0,0,0,UD_Akkadian-PISANDUB
153,parataxis,,0,5,5,0,0,0,0,0,0,0,0,0,0,0,0,0,0,0,0,0,0,0,0,0,0,0,0,UD_Akkadian-PISANDUB
154,root,,0,0,5,0,1,0,0,0,0,0,0,0,0,0,0,0,0,0,0,0,1,0,0,0,0,0,0,UD_Akkadian-PISANDUB
155,root,,4,0,3,0,0,1,0,0,0,0,0,0,0,5,0,0,0,0,0,0,0,0,0,0,0,0,0,UD_Akkadian-PISANDUB
156,conj,,0,0,5,1,0,1,0,1,0,0,0,0,0,0,0,0,1,0,0,0,0,0,0,0,0,0,0,UD_Akkadian-PISANDUB
157,conj,,0,0,3,0,1,0,0,1,0,0,0,0,0,0,0,0,0,0,0,1,0,0,0,0,0,0,0,UD_Akkadian-PISANDUB
158,root,,0,5,3,0,1,0,0,0,0,0,0,0,0,0,1,0,0,0,0,0,1,0,0,0,0,0,0,UD_Akkadian-PISANDUB
159,ccomp,,0,0,0,1,1,0,0,0,0,0,0,0,0,5,0,0,0,0,0,0,0,0,0,0,0,0,0,UD_Akkadian-PISANDUB
160,root,,0,5,0,0,1,1,0,0,0,0,0,0,0,0,0,0,0,0,0,0,1,0,0,0,0,0,0,UD_Akkadian-PISANDUB
161,conj,,0,0,4,0,0,0,0,1,0,0,0,0,0,0,0,0,0,0,0,0,0,0,0,0,0,0,0,UD_Akkadian-PISANDUB
162,root,,5,5,5,0,0,0,0,0,0,0,0,0,0,0,0,0,0,0,0,0,0,0,0,0,0,0,0,UD_Akkadian-PISANDUB
163,root,,0,5,5,0,0,0,0,0,0,0,0,0,0,0,0,0,0,0,0,0,1,0,0,0,0,0,0,UD_Akkadian-PISANDUB
164,root,,0,5,5,0,0,1,0,0,1,0,0,0,0,0,0,0,0,0,0,0,0,0,0,0,0,0,0,UD_Akkadian-PISANDUB
165,root,,0,5,5,0,0,1,0,0,0,0,0,0,0,5,0,0,0,0,0,0,0,0,0,0,0,0,0,UD_Akkadian-PISANDUB
166,conj,,0,0,5,0,0,0,0,1,0,0,0,0,0,0,0,0,0,0,0,0,0,0,0,0,0,0,0,UD_Akkadian-PISANDUB
167,root,,0,5,5,0,0,1,0,1,0,0,0,0,0,0,1,5,0,0,0,0,0,0,0,0,0,0,0,UD_Akkadian-PISANDUB
168,ccomp,,0,0,0,0,0,0,0,0,0,0,0,0,1,0,0,0,0,0,0,0,0,0,0,0,0,0,0,UD_Akkadian-PISANDUB
169,conj,,0,0,5,0,0,0,0,1,0,0,0,0,1,0,0,0,0,0,0,0,0,0,0,0,0,0,0,UD_Akkadian-PISANDUB
170,compound,,0,0,5,0,0,0,0,0,0,0,0,0,0,0,0,0,0,1,0,0,0,0,0,0,0,0,0,UD_Akkadian-PISANDUB
171,compound,,0,0,0,0,0,0,0,0,0,0,0,0,0,0,0,0,0,1,0,0,0,0,0,0,0,0,0,UD_Akkadian-PISANDUB
172,root,,0,5,5,0,0,0,0,0,0,0,0,0,0,0,0,0,0,0,0,0,0,0,0,4,0,0,0,UD_Akkadian-PISANDUB
173,root,,1,0,0,0,1,0,0,0,0,0,0,0,0,5,0,0,0,0,0,0,0,0,0,0,0,0,0,UD_Akkadian-PISANDUB
174,xcomp,,0,0,0,1,1,0,0,0,0,0,0,0,0,0,0,0,0,0,0,0,0,0,0,0,1,0,0,UD_Akkadian-PISANDUB
175,conj,,0,0,0,0,0,1,0,0,0,0,0,0,0,0,0,0,0,0,0,0,0,0,0,0,0,1,0,UD_Akkadian-PISANDUB
176,conj,,0,0,0,0,0,1,0,0,0,0,0,0,0,0,0,0,0,0,0,0,0,0,0,0,0,1,0,UD_Akkadian-PISANDUB
177,nmod,,0,0,0,0,0,0,0,0,0,0,0,0,0,0,0,0,0,0,0,0,0,0,0,0,0,0,0,UD_Akkadian-PISANDUB
178,root,,0,0,0,0,0,0,0,0,1,0,0,1,0,4,0,0,0,0,0,0,0,0,1,0,0,0,1,UD_Akkadian-PISANDUB
179,advcl,,0,5,0,0,0,0,0,0,0,0,0,0,0,0,0,5,0,1,0,1,0,0,0,0,0,0,0,UD_Akkadian-PISANDUB
180,parataxis,,0,0,0,0,0,0,0,0,0,0,0,1,0,4,0,0,0,0,0,0,0,0,0,0,0,0,0,UD_Akkadian-PISANDUB
181,xcomp,,0,0,0,1,1,0,0,0,0,0,0,0,0,0,0,0,0,0,0,0,0,0,0,0,0,0,0,UD_Akkadian-PISANDUB
182,parataxis,,0,5,0,0,0,0,0,0,0,0,0,1,0,4,0,0,0,0,0,0,0,0,0,0,0,0,0,UD_Akkadian-PISANDUB
183,parataxis,,0,0,0,0,0,0,0,0,0,0,0,0,0,4,0,0,0,0,0,0,0,0,0,0,0,0,0,UD_Akkadian-PISANDUB
184,root,,0,5,4,0,0,0,0,0,0,0,0,0,0,0,0,0,0,0,0,0,0,0,0,0,0,0,0,UD_Akkadian-PISANDUB
185,root,,0,0,3,0,0,0,0,0,0,0,0,1,0,0,0,0,0,0,0,0,0,0,1,0,0,0,1,UD_Akkadian-PISANDUB
186,advcl,,0,0,2,0,0,0,0,0,0,0,0,0,0,0,0,0,0,1,0,0,0,0,0,0,0,0,0,UD_Akkadian-PISANDUB
187,advcl,,0,0,2,0,0,0,0,0,0,0,0,0,0,0,0,0,0,1,0,0,0,0,0,0,0,0,0,UD_Akkadian-PISANDUB
188,parataxis,,0,0,4,0,0,1,0,0,0,0,0,0,0,0,0,0,1,0,0,0,0,0,0,0,0,0,0,UD_Akkadian-PISANDUB
189,conj,,0,0,0,0,0,0,0,1,0,0,0,0,0,0,0,0,0,0,0,0,0,0,1,0,0,0,0,UD_Akkadian-PISANDUB
190,advcl,,0,0,5,0,0,0,0,0,0,0,0,0,0,0,0,0,0,1,0,0,0,0,0,0,0,0,0,UD_Akkadian-PISANDUB
191,root,,0,5,5,0,0,0,0,0,0,1,0,0,0,0,0,0,0,0,0,0,0,0,0,4,0,0,0,UD_Akkadian-PISANDUB
192,xcomp,,0,5,0,0,0,0,0,0,0,0,0,0,0,5,0,0,0,1,0,1,0,0,0,0,0,0,0,UD_Akkadian-PISANDUB
